# Wavelength [m]   SNR per bin for 1h  Input flux
4.102564102564101835e-06 1.081514391334647933e-02 5.047883599683708411e+01
4.312952005259697236e-06 1.986770697542348738e-02 8.466029252815903305e+01
4.534129031170451288e-06 4.112309362792870154e-02 1.599558629921833983e+02
4.766648468666371280e-06 7.515552494816368778e-02 2.668310212246082642e+02
5.011091979880031650e-06 1.066574831206869717e-01 3.456791893422890780e+02
5.268071055771314282e-06 2.061545963924618918e-01 6.101417691883390262e+02
5.538228545810868317e-06 3.281625143224163321e-01 8.875652126269158089e+02
5.822240266108862455e-06 5.272357712933004592e-01 1.304514210689926585e+03
6.120816690011880586e-06 1.037251182086833978e+00 2.352220629411390746e+03
6.434704725397105644e-06 1.477253554477686137e+00 3.078785222845689077e+03
6.764689583109777815e-06 2.425718892513177849e+00 4.666364620609546364e+03
7.111596741217971810e-06 3.024155444559561978e+00 5.400907288361002429e+03
7.476294009998379600e-06 3.944038291810970875e+00 6.595024336847077393e+03
7.859693702818809519e-06 3.290474394090181498e+00 5.204736254581062894e+03
8.262754918347978977e-06 5.457804126170612946e+00 8.294316996630441281e+03
8.686485939801723139e-06 4.100954580889700551e+00 6.075382280494334736e+03
9.131946757227451923e-06 6.509637449412347010e+00 9.592259339839507447e+03
9.600251719136551978e-06 8.770256378517260032e+00 1.308516202290203546e+04
1.009257232011791388e-05 7.764642840192784057e+00 1.189905597222313372e+04
1.061014013140601281e-05 1.212211790522368027e+01 1.939633833335035524e+04
1.115424988173452481e-05 1.607865753837037204e+01 2.712557684114589574e+04
1.172626269618244842e-05 1.292252979951269332e+01 2.306001810887467582e+04
1.232760950111488306e-05 1.437141408128378650e+01 2.730437172831611679e+04
1.295979460373615803e-05 1.197198103578956285e+01 2.422248381998692275e+04
1.362439945520980729e-05 1.069354973701547706e+01 2.306234723087468228e+04
1.432308660675902627e-05 9.783895253264482506e+00 2.247893770119245892e+04
1.505760386864410640e-05 1.229441132006018123e+01 3.008314284022374341e+04
1.582978868242072620e-05 1.404486475227791686e+01 3.651117310790418560e+04
1.664157271741665897e-05 1.112170354917506465e+01 3.059660386319025929e+04
1.749498670292520523e-05 1.083929582830251981e+01 3.150545562370844709e+04
1.821618068524916522e-05 8.248665335432447066e+00 1.974869124199502039e+04
